Resultados para o dataset mfeat-zer:
Melhor valor da função objetivo: 0.009300065718004335
Melhores centróides do cluster:
[[2.89688800e-01 3.14967816e+00 3.78824429e+01 1.06046822e+02
  1.38326604e+02 1.49635917e+02 2.10611006e+02 4.00864331e-01
  4.46153658e+00 6.05349368e+01 1.34909425e+02 1.36445725e+02
  1.46701529e+02 4.04883628e-01 1.23976258e+01 7.47319726e+01
  1.42950996e+02 1.23889087e+02 1.33762364e+02 6.16362821e-01
  2.14210223e+01 9.70440479e+01 1.03775291e+02 1.99305723e+02
  1.89264761e+00 3.05998423e+01 9.84065235e+01 2.39030860e+02
  8.86918984e+01 3.53840324e+00 4.20687455e+01 7.36055199e+01
  1.59251173e+02 5.70921313e+00 4.19815426e+01 3.29507206e+02
  7.64769365e+01 8.44424486e+00 3.97698696e+01 1.31885791e+02
  8.54968834e+00 2.31861073e+02 2.73648026e+02 1.03688259e+01
  1.33239023e+02 6.98657610e+01 4.29420838e+02]
 [1.01647041e-01 1.92812423e+00 2.45728804e+01 7.76375243e+01
  1.13094383e+02 2.25758239e+02 1.53731753e+02 1.81106790e-01
  3.86490856e+00 3.00700298e+01 1.01864744e+02 1.33377675e+02
  1.47942901e+02 2.37496780e-01 7.41665024e+00 4.63916763e+01
  1.09853796e+02 1.48973918e+02 1.04153877e+02 5.11657314e-01
  9.90038723e+00 6.53094467e+01 1.23571808e+02 1.41386114e+02
  1.06661637e+00 1.70598010e+01 7.99377628e+01 2.13856363e+02
  1.13238356e+02 1.55330662e+00 2.63187033e+01 9.64857939e+01
  1.27814009e+02 2.96175218e+00 3.61528060e+01 2.77995043e+02
  1.13242726e+02 5.02115585e+00 4.99549423e+01 1.25373621e+02
  7.67797889e+00 1.88652552e+02 3.88936249e+02 1.22692303e+01
  9.45334763e+01 5.54675007e+01 4.95925499e+02]
 [2.11602075e-01 4.85508703e+00 4.09978166e+01 1.29163053e+02
  1.49900154e+02 1.96128088e+02 1.68447960e+02 1.22825335e-01
  2.20095258e+00 1.56466682e+01 5.77338802e+01 1.01480867e+02
  1.10806716e+02 6.07376588e-01 1.26490433e+01 8.06311461e+01
  1.85361701e+02 1.47258274e+02 1.22456035e+02 3.00890664e-01
  5.25938374e+00 3.44057108e+01 8.22723516e+01 1.21317749e+02
  1.84978954e+00 3.03441811e+01 1.49352698e+02 2.14996571e+02
  9.38675770e+01 8.47093449e-01 1.34135007e+01 5.53161044e+01
  1.21879587e+02 5.34259333e+00 7.12420310e+01 2.79852112e+02
  1.44371465e+02 2.52765734e+00 2.62456428e+01 1.18257156e+02
  1.56362756e+01 1.94398164e+02 3.93744830e+02 6.19052179e+00
  8.26481395e+01 5.81796924e+01 4.80747229e+02]
 [2.32039422e-02 7.61653845e-01 1.01912352e+01 4.55853862e+01
  9.75277466e+01 3.34534578e+02 1.32283078e+02 4.24361700e-02
  1.24962937e+00 1.40636912e+01 6.11201134e+01 1.05910999e+02
  1.02362930e+02 8.84480415e-02 2.81230308e+00 2.29315265e+01
  6.72215843e+01 1.54683623e+02 1.92272162e+02 1.55344596e-01
  4.27447031e+00 3.51316712e+01 8.42985661e+01 1.01368203e+02
  3.78778240e-01 7.57155483e+00 5.33185343e+01 1.58261021e+02
  1.95661111e+02 6.30702847e-01 1.29749198e+01 5.71026316e+01
  8.96422430e+01 1.22553785e+00 2.64717188e+01 2.44179209e+02
  1.14202381e+02 2.32481045e+00 2.68195288e+01 9.11513909e+01
  5.89171786e+00 1.68568899e+02 4.40825748e+02 6.23531655e+00
  6.93236508e+01 4.93619048e+01 5.46759424e+02]
 [5.71646091e-02 1.88496125e+00 2.17607145e+01 6.82789727e+01
  1.10823859e+02 2.95446222e+02 1.46661720e+02 6.07530144e-02
  1.81744496e+00 1.96692617e+01 7.37156827e+01 1.20960116e+02
  1.19912282e+02 2.23100323e-01 6.23401118e+00 3.69812181e+01
  9.52046070e+01 1.71167157e+02 1.26010825e+02 2.33056271e-01
  6.18740668e+00 4.31332240e+01 9.86133601e+01 1.13484476e+02
  8.62116540e-01 1.27611169e+01 7.28835150e+01 1.86347282e+02
  1.50833339e+02 9.37589982e-01 1.62630232e+01 6.78261244e+01
  1.02329257e+02 2.12173878e+00 3.44286662e+01 2.64571841e+02
  1.09557624e+02 2.96794134e+00 3.24286670e+01 1.04585774e+02
  7.46665046e+00 1.83273501e+02 3.97408536e+02 7.61406291e+00
  7.89132119e+01 5.41040080e+01 5.10136171e+02]
 [1.37304013e-01 2.82848986e+00 2.79221108e+01 8.54757214e+01
  1.13680112e+02 1.93378886e+02 1.51878598e+02 2.30751416e-01
  4.31665399e+00 3.39089021e+01 1.08239186e+02 1.27444402e+02
  1.55974528e+02 3.52782946e-01 8.57794015e+00 5.27744960e+01
  1.24418681e+02 1.34749230e+02 1.12116875e+02 5.83908745e-01
  1.14174754e+01 7.08076642e+01 1.11910122e+02 1.51776373e+02
  1.25181024e+00 1.98692561e+01 9.44791219e+01 2.20893800e+02
  1.03994710e+02 1.82283834e+00 2.89791421e+01 8.92965442e+01
  1.30839006e+02 3.50654230e+00 4.35250085e+01 2.81869819e+02
  1.19338283e+02 5.59504151e+00 4.77296454e+01 1.19007021e+02
  9.35873823e+00 1.90323466e+02 3.78346902e+02 1.19625634e+01
  8.94210171e+01 5.59619104e+01 4.80152379e+02]
 [6.12381133e-02 1.64279445e+00 2.23644473e+01 7.42129406e+01
  1.10858599e+02 2.44798218e+02 1.33126941e+02 1.52677083e-01
  3.20149841e+00 2.48313891e+01 9.60675389e+01 1.25235525e+02
  1.25914105e+02 1.99070829e-01 6.56296025e+00 4.20146727e+01
  1.07560418e+02 1.53310756e+02 1.08626132e+02 4.15271871e-01
  7.94938482e+00 6.13333978e+01 1.23848752e+02 1.23635748e+02
  9.24482170e-01 1.48812514e+01 7.98745957e+01 2.05632672e+02
  1.21428714e+02 1.22076457e+00 2.43305634e+01 9.82487599e+01
  1.22558492e+02 2.51732500e+00 3.62962157e+01 2.68565879e+02
  1.39089364e+02 4.57686623e+00 5.04755245e+01 1.23756605e+02
  7.69672651e+00 1.81422841e+02 4.22192495e+02 1.22651681e+01
  9.09027911e+01 5.31132005e+01 5.16608324e+02]
 [3.88208005e-02 1.28015138e+00 1.70684776e+01 5.97275216e+01
  1.01819265e+02 2.80058900e+02 1.26646882e+02 9.33828471e-02
  2.50458372e+00 2.29883388e+01 8.40646215e+01 1.34217370e+02
  1.31681658e+02 1.52325854e-01 4.89952889e+00 3.21531204e+01
  9.10652787e+01 1.57059172e+02 1.22126748e+02 3.17821263e-01
  7.17604507e+00 5.02364753e+01 1.08728863e+02 1.28376993e+02
  6.78896015e-01 1.10235305e+01 6.94109672e+01 1.87133729e+02
  1.44400717e+02 1.08007987e+00 1.90975749e+01 7.46965627e+01
  1.10829727e+02 1.82408983e+00 3.23662209e+01 2.61314524e+02
  1.21304567e+02 3.49389942e+00 3.60805434e+01 1.15779061e+02
  6.96046610e+00 1.78808027e+02 4.16554285e+02 8.62209546e+00
  9.06019162e+01 5.24635871e+01 5.20325392e+02]
 [2.05803046e-01 1.80061947e+00 3.13139602e+01 9.44366786e+01
  1.22253632e+02 1.95623239e+02 1.80117878e+02 2.35791829e-01
  4.46344641e+00 4.87386601e+01 1.27710007e+02 1.37929407e+02
  1.52441779e+02 2.21061818e-01 9.88203965e+00 6.23967337e+01
  1.21317110e+02 1.30764712e+02 1.11461766e+02 6.03768738e-01
  1.66481686e+01 8.65755749e+01 1.21693482e+02 1.86768943e+02
  1.46833144e+00 2.44970983e+01 8.23425074e+01 2.22669971e+02
  9.96443209e+01 2.67745222e+00 3.59864318e+01 9.36440887e+01
  1.55691593e+02 4.44121824e+00 3.48792999e+01 3.06102692e+02
  7.79352973e+01 7.00826976e+00 4.89811708e+01 1.39622574e+02
  7.07174657e+00 2.13518158e+02 3.13701825e+02 1.21962843e+01
  1.26747392e+02 6.37865741e+01 4.56089482e+02]
 [1.12900882e-01 2.86149182e+00 3.03684246e+01 8.23745850e+01
  1.16182603e+02 2.52078958e+02 1.85821917e+02 9.12464424e-02
  2.33323985e+00 2.16003330e+01 7.05273271e+01 1.20772739e+02
  1.30002003e+02 3.47651273e-01 9.01678897e+00 4.92204059e+01
  1.15343071e+02 1.68365836e+02 1.13621784e+02 3.05917211e-01
  6.99176064e+00 4.18943105e+01 1.05123840e+02 1.17212405e+02
  1.28131380e+00 1.81263761e+01 9.10116625e+01 2.12416289e+02
  1.16823168e+02 1.08674026e+00 1.61273854e+01 7.57167270e+01
  1.05108863e+02 3.14795830e+00 4.32864413e+01 2.85646863e+02
  1.08022972e+02 3.00256300e+00 3.69750485e+01 1.03963110e+02
  9.45202596e+00 1.97840421e+02 3.68823329e+02 8.73584906e+00
  7.60103786e+01 5.87522888e+01 4.86799449e+02]]
Melhores parâmetros de largura global:
[1.63717784e+01 4.27585320e+03 4.15069809e+05 3.68044375e+06
 5.91215496e+06 3.61660748e+07 2.09881418e+07 2.68488933e+01
 7.61085305e+03 7.94710962e+05 6.27000504e+06 8.74880538e+06
 9.78682053e+06 6.80266381e+01 4.06588655e+04 1.46402700e+06
 7.43024086e+06 1.14510012e+07 2.94723060e+07 1.41346955e+02
 9.31901509e+04 2.66604652e+06 8.00093544e+06 9.99655748e+06
 8.96005772e+02 2.18439452e+05 3.90995256e+06 1.27539955e+07
 2.75023754e+07 2.43973375e+03 4.43124475e+05 5.83559002e+06
 9.08224861e+06 7.11800037e+03 7.67415264e+05 8.17851575e+06
 1.70922111e+07 1.65444967e+04 1.69476383e+06 8.92712607e+06
 3.45065179e+04 3.24693013e+06 2.13064707e+07 1.03645804e+05
 5.86965207e+06 2.89616022e+05 1.17230182e+07]
Modified Partition Coefficient (MPC): 0.504932370081857
Índice de Rand corrigido (ARI): 0.6321907793285484
Matriz de confusão entre a partição crisp e a primeira execução:
[[  0   0   0   0  50   0   0   0   0   0]
 [  0 176  11   0   0   0   0   0  19   0]
 [  0   0   1   0   0   0  46   0   5   0]
 [  0   0   0  43   0   0   0   0   0 399]
 [  0   0   0 111   0   0   0 186   0   7]
 [  1   0 119   0   0   0   0   0   5   0]
 [  0  43   0   0   0 181   0  22   0   0]
 [  0   0   0 222   0  76   0   4   0   5]
 [ 93   0   0   0   0   0   0   0   1   0]
 [  0   1   0   0   0   0   0  57 116   0]]