Resultados para o dataset mfeat-fou:
Melhor valor da função objetivo: 540.3114864073782
Melhores centróides do cluster:
[[0.05423684 0.17058398 0.08498476 0.28541313 0.5657523  0.03749419
  0.41461882 0.07555099 0.36622722 0.09836001 0.05479419 0.23046931
  0.06194344 0.34473739 0.1815538  0.04399275 0.13079252 0.07004204
  0.09730777 0.0832607  0.0579864  0.12053932 0.05457204 0.15074673
  0.10010536 0.05105171 0.08515712 0.06764164 0.08413526 0.06857186
  0.0583387  0.08019258 0.05586906 0.08741404 0.06856224 0.05348734
  0.06486561 0.06212489 0.06939111 0.05780052 0.05530069 0.06146115
  0.05438422 0.06314533 0.05351011 0.05875188 0.05326075 0.06626506
  0.05457638 0.06614284 0.06060796 0.06429509 0.05534138 0.07902967
  0.05501436 0.0918326  0.05393474 0.08871069 0.06277538 0.07840695
  0.05270398 0.11985142 0.05101061 0.15914397 0.04643432 0.13835149
  0.06209394 0.0895241  0.05012587 0.2247047  0.05109884 0.33876532
  0.03371741 0.414179   0.0679423  0.36976436]
 [0.16493713 0.52707751 0.2818174  0.29792783 0.15773537 0.2000109
  0.14922999 0.23791417 0.19817132 0.15760353 0.11096904 0.17534874
  0.11916558 0.14049941 0.12715445 0.12879493 0.11225394 0.11867268
  0.09412688 0.1107807  0.12359267 0.09779442 0.0901443  0.08260015
  0.11023358 0.09755894 0.09437736 0.07819488 0.076469   0.09656777
  0.09362277 0.07651822 0.07549926 0.06623913 0.08554989 0.0873594
  0.07734766 0.06983398 0.06738047 0.0853994  0.08232954 0.07825796
  0.06751755 0.06647982 0.08145774 0.06931464 0.07102421 0.07039144
  0.08734076 0.08128826 0.07547644 0.07328456 0.09363052 0.08775717
  0.0873464  0.07600024 0.10946432 0.09139308 0.07851076 0.08027041
  0.11506247 0.0920093  0.09832592 0.10217608 0.09049122 0.09923849
  0.14489881 0.13750569 0.13263885 0.1531323  0.16312698 0.14425441
  0.28355599 0.43440199 0.14175523 0.37234979]
 [0.19866063 0.4348009  0.31043048 0.26086527 0.29642763 0.19027572
  0.39679184 0.27871233 0.29252579 0.18357452 0.17522959 0.15292854
  0.19323132 0.17919624 0.14759136 0.12700879 0.13562523 0.14049141
  0.12435583 0.12655272 0.11307277 0.11166666 0.11098712 0.11601726
  0.10886746 0.10697921 0.10111091 0.09955751 0.09645397 0.10045503
  0.09842859 0.09189381 0.09113166 0.08832782 0.09534027 0.0923007
  0.08764424 0.08301734 0.08226123 0.08991301 0.08523846 0.08171167
  0.07988807 0.07702509 0.08925152 0.0833493  0.08015076 0.07552951
  0.09321871 0.08895553 0.08498525 0.08311506 0.10032376 0.0966065
  0.09308533 0.08732336 0.11291398 0.10664332 0.09718391 0.0952092
  0.12842984 0.11375357 0.11108638 0.10630623 0.13627363 0.13130898
  0.13001947 0.12952423 0.18243748 0.18353441 0.15712601 0.13734044
  0.26100338 0.21046046 0.16619582 0.1767862 ]
 [0.20052965 0.42233313 0.31719817 0.2539424  0.30408764 0.1860829
  0.39137273 0.28250959 0.28989377 0.17883197 0.17751821 0.15499424
  0.1940876  0.17539933 0.14786436 0.12675109 0.13365631 0.14192697
  0.12428648 0.12638553 0.11234488 0.1114346  0.11080853 0.11693267
  0.1078403  0.10675514 0.10064478 0.09921807 0.09661417 0.10021731
  0.09835539 0.09161187 0.09092922 0.08804922 0.09504493 0.09197369
  0.0873418  0.08283545 0.08191549 0.08974792 0.08507223 0.08123788
  0.07955961 0.07666014 0.0891963  0.08319087 0.08008802 0.07581003
  0.09324459 0.08864063 0.08536198 0.0836416  0.099689   0.09682214
  0.09370997 0.08808111 0.11250973 0.10742677 0.09772557 0.09606184
  0.12901801 0.11357736 0.11210879 0.10804737 0.13538694 0.13289906
  0.13300916 0.1322064  0.18434874 0.18674989 0.16064199 0.13865183
  0.26430853 0.21323048 0.16289055 0.17707672]
 [0.27024786 0.52000968 0.38398641 0.26961595 0.2686162  0.15154443
  0.28020237 0.34935373 0.23878769 0.11859982 0.20589358 0.18836781
  0.17508285 0.17603423 0.16095304 0.12956636 0.12593637 0.11371704
  0.09512988 0.10670574 0.11649033 0.10260137 0.08415807 0.09271381
  0.12416682 0.09666183 0.07644258 0.09122835 0.09674887 0.08673254
  0.08007023 0.09043653 0.09123973 0.08414482 0.08834099 0.08843246
  0.08277118 0.07911249 0.08124007 0.08139547 0.07678162 0.08126572
  0.08233688 0.06592318 0.09320547 0.0841496  0.08305907 0.08662274
  0.07964448 0.10217678 0.10034422 0.09513952 0.12073806 0.1013862
  0.08900735 0.09415792 0.10015746 0.09119841 0.12098332 0.15383082
  0.12361825 0.14984835 0.15967976 0.09575243 0.15148    0.11998208
  0.1331483  0.18374903 0.09580418 0.26185691 0.29299127 0.2315939
  0.39454631 0.38121726 0.19895022 0.21666703]
 [0.19809948 0.43845315 0.30824711 0.26296559 0.29424396 0.19154036
  0.39885996 0.2774895  0.29365268 0.18509056 0.17455472 0.15235138
  0.19308242 0.18042835 0.14752838 0.12706916 0.13631535 0.14021786
  0.12441569 0.12660846 0.11330898 0.1118142  0.11110083 0.11584218
  0.10916904 0.10708019 0.10130625 0.09971041 0.0964574  0.10053291
  0.09847275 0.09201791 0.09121673 0.08844799 0.09544598 0.09242701
  0.08776427 0.08309238 0.08240524 0.08997764 0.08530525 0.08187774
  0.08001799 0.07717038 0.08927902 0.08341098 0.08018829 0.07547564
  0.09321932 0.08906298 0.08490087 0.08299076 0.10052143 0.09656653
  0.09293672 0.08711103 0.11306466 0.1064473  0.09703792 0.09495392
  0.12828636 0.11382538 0.11080097 0.10581535 0.13652676 0.13089774
  0.12914213 0.12870274 0.18202391 0.18256563 0.15599907 0.136828
  0.25986929 0.20931317 0.16704415 0.17645492]
 [0.26867953 0.31013683 0.35139027 0.2220124  0.4013753  0.13109522
  0.34432706 0.33737412 0.28488389 0.12811977 0.21534652 0.1877334
  0.23288122 0.12241347 0.17802096 0.10282162 0.13346587 0.22115718
  0.13771822 0.11056275 0.11404488 0.11930116 0.13215201 0.16287848
  0.10179243 0.0982267  0.11707986 0.10268361 0.106502   0.09617863
  0.10796987 0.09076952 0.0967136  0.09154545 0.09945016 0.08915198
  0.09169496 0.08588274 0.08502775 0.08913252 0.0860814  0.08449114
  0.0817539  0.08131821 0.09491668 0.08668146 0.08525251 0.08993866
  0.09428167 0.0887154  0.10037029 0.10087766 0.09564345 0.11016855
  0.11523316 0.09764916 0.11366905 0.13516961 0.1041457  0.11112062
  0.15756135 0.11264821 0.14738882 0.12669259 0.1194793  0.19704605
  0.1623837  0.14869436 0.26192004 0.20763991 0.16900548 0.13309188
  0.25135228 0.18974008 0.10653464 0.14793802]
 [0.15230273 0.10909927 0.11054577 0.27763202 0.16340101 0.10844435
  0.35845292 0.15125021 0.29889783 0.09470747 0.08666273 0.09400874
  0.09138385 0.14314087 0.07494114 0.08082306 0.07939906 0.06812042
  0.11265556 0.09357141 0.07508551 0.06783883 0.06175563 0.07100121
  0.08049112 0.06695835 0.06683346 0.05843275 0.06477579 0.07191785
  0.06514549 0.06394156 0.0512768  0.05504647 0.06961153 0.06381917
  0.05678516 0.04796158 0.05022296 0.06440714 0.06154715 0.05616082
  0.04774846 0.04456464 0.05854342 0.05418017 0.04742238 0.04513704
  0.05955072 0.05470828 0.05124274 0.05142102 0.06411609 0.06186667
  0.05270748 0.05972906 0.06981961 0.07030301 0.05472323 0.06513215
  0.07358704 0.06789612 0.06014082 0.07811233 0.07506731 0.09365871
  0.074913   0.09614708 0.08473182 0.08223477 0.09453055 0.20415114
  0.1084652  0.35256084 0.13063521 0.31002992]
 [0.19785829 0.43993776 0.30732426 0.26382738 0.29337348 0.19205961
  0.39979919 0.27696299 0.29418925 0.18573287 0.17428141 0.15212464
  0.19303594 0.18095567 0.14750435 0.12709094 0.13661972 0.14012968
  0.12444754 0.12663291 0.11340976 0.11188851 0.11115976 0.11578718
  0.10929139 0.10712786 0.10139684 0.09978327 0.09646853 0.10056507
  0.09849497 0.09207669 0.09125678 0.08850503 0.09549145 0.09248438
  0.08781944 0.08312767 0.08247204 0.09000662 0.08533594 0.0819504
  0.08007741 0.07723696 0.08929151 0.08343843 0.08020726 0.07545901
  0.09322021 0.08910934 0.0848715  0.08294575 0.10060379 0.09655407
  0.09288274 0.08702755 0.11313061 0.10637282 0.09698195 0.09485101
  0.12823281 0.11385905 0.11068836 0.1056195  0.13663032 0.13073839
  0.12878557 0.12836332 0.18187796 0.18216709 0.15552491 0.13659836
  0.2593864  0.20878688 0.16736735 0.17627328]
 [0.25928281 0.28001377 0.32711005 0.20273334 0.34522199 0.15525697
  0.37856693 0.34983149 0.26455467 0.11031655 0.15494218 0.19312328
  0.24482528 0.15032637 0.14128573 0.11951086 0.101893   0.17882773
  0.13134034 0.10944711 0.10689517 0.13341843 0.09226463 0.11778078
  0.10334087 0.11363457 0.1011756  0.09847882 0.0925037  0.10188164
  0.10502189 0.09198494 0.07973345 0.08241576 0.10166494 0.0901668
  0.0829735  0.07727748 0.07868344 0.08980185 0.08684448 0.07541415
  0.0756575  0.07421693 0.09460498 0.08353057 0.07942946 0.08087278
  0.09390999 0.08663375 0.08745834 0.09360794 0.0967605  0.09520827
  0.10445217 0.09967401 0.10215754 0.1194365  0.10692866 0.10576853
  0.13427297 0.11352628 0.12898537 0.13954506 0.11364352 0.16295629
  0.18063455 0.15608598 0.21672413 0.23200304 0.17510256 0.11712331
  0.26638346 0.20651576 0.09528296 0.14148048]]
Melhores parâmetros de largura global:
[0.60272483 0.29041434 0.36592156 0.38762139 0.31619511 0.67579446
 0.33614817 0.39724889 0.38504251 0.53552236 0.62122815 0.6135135
 0.5913231  0.45646236 0.88004042 1.21830507 0.83919359 0.66963028
 0.80990838 1.15682361 1.34311433 1.09206091 1.1238662  0.90555574
 1.37212348 1.53021572 1.39483296 1.37350945 1.06088963 1.5714364
 1.58751382 1.68628244 1.59317546 1.68107357 1.65827563 1.82055276
 1.83303252 1.89174098 1.72708716 1.84808768 1.97633887 2.05068213
 2.1858386  2.12430689 1.85589197 2.09383518 1.88300183 1.90872253
 1.75521514 1.72142296 1.65063618 1.5755794  1.71467684 1.42489913
 1.38131717 1.45353351 1.34875825 1.18826998 1.3412587  1.01529408
 1.03936277 1.04028575 0.91551289 1.03423404 1.09020715 0.71763463
 0.74000696 0.73313781 0.61369802 0.52283601 0.60569178 0.58964568
 0.47379275 0.40766059 0.53281126 0.43378849]
Modified Partition Coefficient (MPC): 0.21434775228586128
Índice de Rand corrigido (ARI): 0.8302264819560551
Matriz de confusão entre a partição crisp e a primeira execução:
[[190   0   0   5   0   5   0   0   2   1]
 [  0   6   1   0 245   1   8   1   0   1]
 [  0   3  15   0   0   0   0   0   0   1]
 [  0   0  12   1   0  52   0  20   0  11]
 [  0   1   0   0   0   0 243   0   0   0]
 [  0   3   2   0   0   0   0   0   0   0]
 [  0   0   0 240   0   9   0   0   0   0]
 [212   0   0   1   0   3   0   0   0   0]
 [  0 440   1   0   0  12   1   0   0   5]
 [  0   0   0   0   0  35   0   0 211   0]]